      0.00000       0
      0.00000       0
      0.00000       0
      0.00000       0
      0.00000       0
      0.00000       0
      0.00000       0
      0.00000       0
      0.00000       0
      0.00000       0
      0.00000       0
      0.00000       0
      0.00000       0
      0.00000       0
      0.00000       0
      0.00000       0
      0.00000       0
      0.00000       0
      0.00000       0
      0.00000       0
      0.00000       0
      0.00000       0
      0.00000       0
      0.00000       0
      0.00000       0
      0.00000       0
      0.00000       0
      0.00000       0
      0.00000       0
      0.00000       0
      0.00000       0
      0.00000       0
      0.00000       0
      0.00000       0
      0.00000       0
      0.00000       0
      0.00000       0
      0.00000       0
      0.00000       0
      0.00000       0
      0.00000       0
      0.00000       0
      0.00000       0
      0.00000       0
      0.00000       0
      0.00000       0
      0.00000       0
      0.00000       0
      0.00000       0
      0.00000       0
      0.00000       0
      0.00000       0
      0.00000       0
      0.00000       0
      0.00000       0
      0.00000       0
      0.00000       0
      0.00000       0
      0.00000       0
      0.00000       0
      0.00000       0
      0.00000       0
      0.00000       0
      0.00000       0
      0.00000       0
      0.00000       0
      0.00000       0
      0.00000       0
      0.00000       0
      0.00000       0
      0.00000       0
      0.00000       0
      0.00000       0
      0.00000       0
      0.00000       0
      0.00000       0
      0.00000       0
      0.00000       0
      0.00000       0
      0.00000       0
      0.00000       0
      0.00000       0
      0.00000       0
      0.00000       0
      0.00000       0
      0.00000       0
      0.00000       0
      0.00000       0
      0.00000       0
      0.00000       0
      0.00000       0
      0.00000       0
      0.00000       0
      0.00000       0
      0.00000       0
      0.00000       0
      0.00000       0
      0.00000       0
      0.00000       0
      0.00000       0
    0.0500000       1.0000000
    0.0500000       0.0000000
    0.0500000       0.0000000
    0.0500000       1.0000000
    0.0500000       2.0000000
    0.0500000       0.0000000
    0.0500000       2.0000000
    0.0500000       0.0000000
    0.0500000       0.0000000
    0.0500000       0.0000000
    0.0500000       0.0000000
    0.0500000       1.0000000
    0.0500000       1.0000000
    0.0500000       1.0000000
    0.0500000       0.0000000
    0.0500000       0.0000000
    0.0500000       0.0000000
    0.0500000       1.0000000
    0.0500000       0.0000000
    0.0500000       0.0000000
    0.0500000       0.0000000
    0.0500000       0.0000000
    0.0500000       0.0000000
    0.0500000       0.0000000
    0.0500000       0.0000000
    0.0500000       0.0000000
    0.0500000       0.0000000
    0.0500000       1.0000000
    0.0500000       0.0000000
    0.0500000       1.0000000
    0.0500000       0.0000000
    0.0500000       0.0000000
    0.0500000       0.0000000
    0.0500000       1.0000000
    0.0500000       1.0000000
    0.0500000       1.0000000
    0.0500000       0.0000000
    0.0500000       1.0000000
    0.0500000       1.0000000
    0.0500000       0.0000000
    0.0500000       0.0000000
    0.0500000       0.0000000
    0.0500000       0.0000000
    0.0500000       1.0000000
    0.0500000       0.0000000
    0.0500000       1.0000000
    0.0500000       1.0000000
    0.0500000       1.0000000
    0.0500000       1.0000000
    0.0500000       2.0000000
    0.0500000       2.0000000
    0.0500000       0.0000000
    0.0500000       1.0000000
    0.0500000       0.0000000
    0.0500000       0.0000000
    0.0500000       2.0000000
    0.0500000       2.0000000
    0.0500000       0.0000000
    0.0500000       0.0000000
    0.0500000       0.0000000
    0.0500000       2.0000000
    0.0500000       1.0000000
    0.0500000       0.0000000
    0.0500000       0.0000000
    0.0500000       0.0000000
    0.0500000       2.0000000
    0.0500000       0.0000000
    0.0500000       1.0000000
    0.0500000       1.0000000
    0.0500000       0.0000000
    0.0500000       1.0000000
    0.0500000       0.0000000
    0.0500000       0.0000000
    0.0500000       0.0000000
    0.0500000       0.0000000
    0.0500000       0.0000000
    0.0500000       1.0000000
    0.0500000       1.0000000
    0.0500000       0.0000000
    0.0500000       1.0000000
    0.0500000       0.0000000
    0.0500000       1.0000000
    0.0500000       0.0000000
    0.0500000       0.0000000
    0.0500000       0.0000000
    0.0500000       0.0000000
    0.0500000       0.0000000
    0.0500000       0.0000000
    0.0500000       0.0000000
    0.0500000       0.0000000
    0.0500000       0.0000000
    0.0500000       1.0000000
    0.0500000       0.0000000
    0.0500000       0.0000000
    0.0500000       1.0000000
    0.0500000       0.0000000
    0.0500000       0.0000000
    0.0500000       1.0000000
    0.0500000       2.0000000
    0.0500000       1.0000000
     0.100000       0.0000000
     0.100000       0.0000000
     0.100000       1.0000000
     0.100000       1.0000000
     0.100000       0.0000000
     0.100000       0.0000000
     0.100000       1.0000000
     0.100000       2.0000000
     0.100000       0.0000000
     0.100000       1.0000000
     0.100000       1.0000000
     0.100000       1.0000000
     0.100000       0.0000000
     0.100000       0.0000000
     0.100000       2.0000000
     0.100000       1.0000000
     0.100000       0.0000000
     0.100000       1.0000000
     0.100000       0.0000000
     0.100000       1.0000000
     0.100000       0.0000000
     0.100000       1.0000000
     0.100000       0.0000000
     0.100000       2.0000000
     0.100000       2.0000000
     0.100000       2.0000000
     0.100000       2.0000000
     0.100000       0.0000000
     0.100000       3.0000000
     0.100000       1.0000000
     0.100000       0.0000000
     0.100000       2.0000000
     0.100000       3.0000000
     0.100000       1.0000000
     0.100000       1.0000000
     0.100000       0.0000000
     0.100000       0.0000000
     0.100000       1.0000000
     0.100000       0.0000000
     0.100000       0.0000000
     0.100000       0.0000000
     0.100000       2.0000000
     0.100000       3.0000000
     0.100000       0.0000000
     0.100000       3.0000000
     0.100000       0.0000000
     0.100000       1.0000000
     0.100000       2.0000000
     0.100000       0.0000000
     0.100000       0.0000000
     0.100000       1.0000000
     0.100000       2.0000000
     0.100000       1.0000000
     0.100000       0.0000000
     0.100000       1.0000000
     0.100000       3.0000000
     0.100000       4.0000000
     0.100000       1.0000000
     0.100000       0.0000000
     0.100000       1.0000000
     0.100000       2.0000000
     0.100000       2.0000000
     0.100000       0.0000000
     0.100000       0.0000000
     0.100000       0.0000000
     0.100000       0.0000000
     0.100000       1.0000000
     0.100000       1.0000000
     0.100000       2.0000000
     0.100000       0.0000000
     0.100000       0.0000000
     0.100000       1.0000000
     0.100000       0.0000000
     0.100000       2.0000000
     0.100000       1.0000000
     0.100000       1.0000000
     0.100000       1.0000000
     0.100000       1.0000000
     0.100000       0.0000000
     0.100000       0.0000000
     0.100000       0.0000000
     0.100000       1.0000000
     0.100000       1.0000000
     0.100000       1.0000000
     0.100000       2.0000000
     0.100000       1.0000000
     0.100000       1.0000000
     0.100000       3.0000000
     0.100000       1.0000000
     0.100000       0.0000000
     0.100000       0.0000000
     0.100000       1.0000000
     0.100000       0.0000000
     0.100000       2.0000000
     0.100000       3.0000000
     0.100000       2.0000000
     0.100000       0.0000000
     0.100000       1.0000000
     0.100000       1.0000000
     0.100000       1.0000000
     0.150000       1.0000000
     0.150000       2.0000000
     0.150000       0.0000000
     0.150000       3.0000000
     0.150000       2.0000000
     0.150000       1.0000000
     0.150000       0.0000000
     0.150000       0.0000000
     0.150000       1.0000000
     0.150000       1.0000000
     0.150000       1.0000000
     0.150000       0.0000000
     0.150000       1.0000000
     0.150000       4.0000000
     0.150000       2.0000000
     0.150000       5.0000000
     0.150000       2.0000000
     0.150000       0.0000000
     0.150000       2.0000000
     0.150000       2.0000000
     0.150000       3.0000000
     0.150000       2.0000000
     0.150000       0.0000000
     0.150000       0.0000000
     0.150000       1.0000000
     0.150000       1.0000000
     0.150000       1.0000000
     0.150000       2.0000000
     0.150000       1.0000000
     0.150000       1.0000000
     0.150000       1.0000000
     0.150000       2.0000000
     0.150000       2.0000000
     0.150000       1.0000000
     0.150000       2.0000000
     0.150000       2.0000000
     0.150000       3.0000000
     0.150000       3.0000000
     0.150000       2.0000000
     0.150000       2.0000000
     0.150000       2.0000000
     0.150000       1.0000000
     0.150000       0.0000000
     0.150000       2.0000000
     0.150000       2.0000000
     0.150000       1.0000000
     0.150000       3.0000000
     0.150000       3.0000000
     0.150000       1.0000000
     0.150000       3.0000000
     0.150000       3.0000000
     0.150000       1.0000000
     0.150000       1.0000000
     0.150000       2.0000000
     0.150000       2.0000000
     0.150000       1.0000000
     0.150000       1.0000000
     0.150000       0.0000000
     0.150000       2.0000000
     0.150000       2.0000000
     0.150000       0.0000000
     0.150000       4.0000000
     0.150000       2.0000000
     0.150000       0.0000000
     0.150000       2.0000000
     0.150000       1.0000000
     0.150000       1.0000000
     0.150000       1.0000000
     0.150000       2.0000000
     0.150000       2.0000000
     0.150000       1.0000000
     0.150000       1.0000000
     0.150000       1.0000000
     0.150000       3.0000000
     0.150000       3.0000000
     0.150000       1.0000000
     0.150000       1.0000000
     0.150000       3.0000000
     0.150000       1.0000000
     0.150000       4.0000000
     0.150000       0.0000000
     0.150000       1.0000000
     0.150000       1.0000000
     0.150000       0.0000000
     0.150000       1.0000000
     0.150000       0.0000000
     0.150000       2.0000000
     0.150000       2.0000000
     0.150000       2.0000000
     0.150000       2.0000000
     0.150000       0.0000000
     0.150000       3.0000000
     0.150000       1.0000000
     0.150000       1.0000000
     0.150000       2.0000000
     0.150000       3.0000000
     0.150000       1.0000000
     0.150000       2.0000000
     0.150000       1.0000000
     0.150000       1.0000000
     0.200000       2.0000000
     0.200000       0.0000000
     0.200000       0.0000000
     0.200000       3.0000000
     0.200000       5.0000000
     0.200000       1.0000000
     0.200000       2.0000000
     0.200000       1.0000000
     0.200000       2.0000000
     0.200000       0.0000000
     0.200000       1.0000000
     0.200000       2.0000000
     0.200000       0.0000000
     0.200000       0.0000000
     0.200000       5.0000000
     0.200000       2.0000000
     0.200000       0.0000000
     0.200000       3.0000000
     0.200000       2.0000000
     0.200000       1.0000000
     0.200000       2.0000000
     0.200000       1.0000000
     0.200000       4.0000000
     0.200000       2.0000000
     0.200000       3.0000000
     0.200000       1.0000000
     0.200000       3.0000000
     0.200000       3.0000000
     0.200000       2.0000000
     0.200000       2.0000000
     0.200000       4.0000000
     0.200000       0.0000000
     0.200000       4.0000000
     0.200000       1.0000000
     0.200000       3.0000000
     0.200000       1.0000000
     0.200000       2.0000000
     0.200000       1.0000000
     0.200000       2.0000000
     0.200000       2.0000000
     0.200000       3.0000000
     0.200000       1.0000000
     0.200000       2.0000000
     0.200000       4.0000000
     0.200000       1.0000000
     0.200000       5.0000000
     0.200000       3.0000000
     0.200000       2.0000000
     0.200000       3.0000000
     0.200000       1.0000000
     0.200000       2.0000000
     0.200000       4.0000000
     0.200000       1.0000000
     0.200000       3.0000000
     0.200000       0.0000000
     0.200000       1.0000000
     0.200000       0.0000000
     0.200000       2.0000000
     0.200000       2.0000000
     0.200000       2.0000000
     0.200000       2.0000000
     0.200000       0.0000000
     0.200000       3.0000000
     0.200000       2.0000000
     0.200000       2.0000000
     0.200000       0.0000000
     0.200000       1.0000000
     0.200000       2.0000000
     0.200000       1.0000000
     0.200000       1.0000000
     0.200000       0.0000000
     0.200000       2.0000000
     0.200000       1.0000000
     0.200000       1.0000000
     0.200000       2.0000000
     0.200000       2.0000000
     0.200000       3.0000000
     0.200000       4.0000000
     0.200000       1.0000000
     0.200000       1.0000000
     0.200000       1.0000000
     0.200000       5.0000000
     0.200000       1.0000000
     0.200000       1.0000000
     0.200000       1.0000000
     0.200000       2.0000000
     0.200000       5.0000000
     0.200000       2.0000000
     0.200000       1.0000000
     0.200000       0.0000000
     0.200000       1.0000000
     0.200000       3.0000000
     0.200000       1.0000000
     0.200000       3.0000000
     0.200000       2.0000000
     0.200000       6.0000000
     0.200000       3.0000000
     0.200000       1.0000000
     0.200000       2.0000000
     0.200000       2.0000000
     0.250000       3.0000000
     0.250000       1.0000000
     0.250000       2.0000000
     0.250000       0.0000000
     0.250000       2.0000000
     0.250000       3.0000000
     0.250000       3.0000000
     0.250000       1.0000000
     0.250000       3.0000000
     0.250000       2.0000000
     0.250000       3.0000000
     0.250000       3.0000000
     0.250000       4.0000000
     0.250000       2.0000000
     0.250000       5.0000000
     0.250000       5.0000000
     0.250000       3.0000000
     0.250000       3.0000000
     0.250000       2.0000000
     0.250000       1.0000000
     0.250000       4.0000000
     0.250000       4.0000000
     0.250000       3.0000000
     0.250000       5.0000000
     0.250000       1.0000000
     0.250000       3.0000000
     0.250000       3.0000000
     0.250000       2.0000000
     0.250000       3.0000000
     0.250000       4.0000000
     0.250000       1.0000000
     0.250000       6.0000000
     0.250000       3.0000000
     0.250000       3.0000000
     0.250000       4.0000000
     0.250000       1.0000000
     0.250000       2.0000000
     0.250000       1.0000000
     0.250000       3.0000000
     0.250000       4.0000000
     0.250000       2.0000000
     0.250000       1.0000000
     0.250000       3.0000000
     0.250000       3.0000000
     0.250000       3.0000000
     0.250000       4.0000000
     0.250000       1.0000000
     0.250000       3.0000000
     0.250000       3.0000000
     0.250000       3.0000000
     0.250000       2.0000000
     0.250000       2.0000000
     0.250000       2.0000000
     0.250000       1.0000000
     0.250000       2.0000000
     0.250000       3.0000000
     0.250000       3.0000000
     0.250000       4.0000000
     0.250000       3.0000000
     0.250000       2.0000000
     0.250000       5.0000000
     0.250000       2.0000000
     0.250000       1.0000000
     0.250000       3.0000000
     0.250000       1.0000000
     0.250000       1.0000000
     0.250000       3.0000000
     0.250000       2.0000000
     0.250000       3.0000000
     0.250000       3.0000000
     0.250000       4.0000000
     0.250000       3.0000000
     0.250000       0.0000000
     0.250000       5.0000000
     0.250000       1.0000000
     0.250000       2.0000000
     0.250000       2.0000000
     0.250000       3.0000000
     0.250000       4.0000000
     0.250000       4.0000000
     0.250000       0.0000000
     0.250000       5.0000000
     0.250000       2.0000000
     0.250000       2.0000000
     0.250000       2.0000000
     0.250000       4.0000000
     0.250000       0.0000000
     0.250000       4.0000000
     0.250000       2.0000000
     0.250000       5.0000000
     0.250000       4.0000000
     0.250000       2.0000000
     0.250000       3.0000000
     0.250000       3.0000000
     0.250000       2.0000000
     0.250000       1.0000000
     0.250000       3.0000000
     0.250000       3.0000000
     0.250000       3.0000000
     0.250000       4.0000000
     0.300000       4.0000000
     0.300000       5.0000000
     0.300000       4.0000000
     0.300000       4.0000000
     0.300000       2.0000000
     0.300000       3.0000000
     0.300000       4.0000000
     0.300000       4.0000000
     0.300000       5.0000000
     0.300000       1.0000000
     0.300000       5.0000000
     0.300000       3.0000000
     0.300000       2.0000000
     0.300000       2.0000000
     0.300000       2.0000000
     0.300000       0.0000000
     0.300000       1.0000000
     0.300000       1.0000000
     0.300000       2.0000000
     0.300000       2.0000000
     0.300000       4.0000000
     0.300000       2.0000000
     0.300000       3.0000000
     0.300000       3.0000000
     0.300000       3.0000000
     0.300000       4.0000000
     0.300000       4.0000000
     0.300000       3.0000000
     0.300000       3.0000000
     0.300000       3.0000000
     0.300000       4.0000000
     0.300000       1.0000000
     0.300000       4.0000000
     0.300000       4.0000000
     0.300000       1.0000000
     0.300000       4.0000000
     0.300000       4.0000000
     0.300000       0.0000000
     0.300000       1.0000000
     0.300000       3.0000000
     0.300000       4.0000000
     0.300000       4.0000000
     0.300000       5.0000000
     0.300000       3.0000000
     0.300000       3.0000000
     0.300000       2.0000000
     0.300000       1.0000000
     0.300000       4.0000000
     0.300000       5.0000000
     0.300000       3.0000000
     0.300000       3.0000000
     0.300000       1.0000000
     0.300000       1.0000000
     0.300000       4.0000000
     0.300000       5.0000000
     0.300000       3.0000000
     0.300000       1.0000000
     0.300000       5.0000000
     0.300000       3.0000000
     0.300000       4.0000000
     0.300000       4.0000000
     0.300000       6.0000000
     0.300000       3.0000000
     0.300000       2.0000000
     0.300000       5.0000000
     0.300000       5.0000000
     0.300000       3.0000000
     0.300000       3.0000000
     0.300000       2.0000000
     0.300000       3.0000000
     0.300000       2.0000000
     0.300000       2.0000000
     0.300000       2.0000000
     0.300000       2.0000000
     0.300000       4.0000000
     0.300000       1.0000000
     0.300000       4.0000000
     0.300000       3.0000000
     0.300000       1.0000000
     0.300000       3.0000000
     0.300000       4.0000000
     0.300000       4.0000000
     0.300000       7.0000000
     0.300000       2.0000000
     0.300000       3.0000000
     0.300000       1.0000000
     0.300000       3.0000000
     0.300000       1.0000000
     0.300000       6.0000000
     0.300000       6.0000000
     0.300000       5.0000000
     0.300000       1.0000000
     0.300000       1.0000000
     0.300000       5.0000000
     0.300000       2.0000000
     0.300000       3.0000000
     0.300000       2.0000000
     0.300000       1.0000000
     0.300000       5.0000000
     0.300000       2.0000000
     0.350000       3.0000000
     0.350000       3.0000000
     0.350000       5.0000000
     0.350000       3.0000000
     0.350000       2.0000000
     0.350000       5.0000000
     0.350000       4.0000000
     0.350000       1.0000000
     0.350000       6.0000000
     0.350000       6.0000000
     0.350000       5.0000000
     0.350000       4.0000000
     0.350000       3.0000000
     0.350000       4.0000000
     0.350000       3.0000000
     0.350000       3.0000000
     0.350000       6.0000000
     0.350000       2.0000000
     0.350000       3.0000000
     0.350000       6.0000000
     0.350000       2.0000000
     0.350000       6.0000000
     0.350000       5.0000000
     0.350000       1.0000000
     0.350000       2.0000000
     0.350000       4.0000000
     0.350000       4.0000000
     0.350000       4.0000000
     0.350000       6.0000000
     0.350000       7.0000000
     0.350000       3.0000000
     0.350000       3.0000000
     0.350000       3.0000000
     0.350000       2.0000000
     0.350000       3.0000000
     0.350000       2.0000000
     0.350000       5.0000000
     0.350000       5.0000000
     0.350000       4.0000000
     0.350000       5.0000000
     0.350000       5.0000000
     0.350000       4.0000000
     0.350000       1.0000000
     0.350000       2.0000000
     0.350000       4.0000000
     0.350000       6.0000000
     0.350000       7.0000000
     0.350000       3.0000000
     0.350000       3.0000000
     0.350000       4.0000000
     0.350000       4.0000000
     0.350000       3.0000000
     0.350000       5.0000000
     0.350000       3.0000000
     0.350000       5.0000000
     0.350000       3.0000000
     0.350000       3.0000000
     0.350000       4.0000000
     0.350000       2.0000000
     0.350000       5.0000000
     0.350000       4.0000000
     0.350000       1.0000000
     0.350000       2.0000000
     0.350000       4.0000000
     0.350000       3.0000000
     0.350000       5.0000000
     0.350000       3.0000000
     0.350000       2.0000000
     0.350000       1.0000000
     0.350000       1.0000000
     0.350000       3.0000000
     0.350000       6.0000000
     0.350000       4.0000000
     0.350000       4.0000000
     0.350000       3.0000000
     0.350000       3.0000000
     0.350000       3.0000000
     0.350000       3.0000000
     0.350000       3.0000000
     0.350000       7.0000000
     0.350000       2.0000000
     0.350000       4.0000000
     0.350000       6.0000000
     0.350000       4.0000000
     0.350000       5.0000000
     0.350000       3.0000000
     0.350000       5.0000000
     0.350000       7.0000000
     0.350000       3.0000000
     0.350000       2.0000000
     0.350000       2.0000000
     0.350000       0.0000000
     0.350000       5.0000000
     0.350000       2.0000000
     0.350000       4.0000000
     0.350000       6.0000000
     0.350000       2.0000000
     0.350000       5.0000000
     0.350000       5.0000000
     0.350000       4.0000000
     0.400000       5.0000000
     0.400000       5.0000000
     0.400000       2.0000000
     0.400000       3.0000000
     0.400000       3.0000000
     0.400000       6.0000000
     0.400000       1.0000000
     0.400000       7.0000000
     0.400000       4.0000000
     0.400000       1.0000000
     0.400000       3.0000000
     0.400000       8.0000000
     0.400000       2.0000000
     0.400000       3.0000000
     0.400000       5.0000000
     0.400000       4.0000000
     0.400000       1.0000000
     0.400000       4.0000000
     0.400000       3.0000000
     0.400000       2.0000000
     0.400000       2.0000000
     0.400000       4.0000000
     0.400000       4.0000000
     0.400000       6.0000000
     0.400000       0.0000000
     0.400000       4.0000000
     0.400000       5.0000000
     0.400000       4.0000000
     0.400000       4.0000000
     0.400000       3.0000000
     0.400000       3.0000000
     0.400000       3.0000000
     0.400000       6.0000000
     0.400000       5.0000000
     0.400000       5.0000000
     0.400000       2.0000000
     0.400000       3.0000000
     0.400000       5.0000000
     0.400000       5.0000000
     0.400000       3.0000000
     0.400000       3.0000000
     0.400000       3.0000000
     0.400000       2.0000000
     0.400000       5.0000000
     0.400000       0.0000000
     0.400000       5.0000000
     0.400000       3.0000000
     0.400000       7.0000000
     0.400000       4.0000000
     0.400000       4.0000000
     0.400000       5.0000000
     0.400000       5.0000000
     0.400000       4.0000000
     0.400000       4.0000000
     0.400000       3.0000000
     0.400000       2.0000000
     0.400000       3.0000000
     0.400000       6.0000000
     0.400000       6.0000000
     0.400000       5.0000000
     0.400000       3.0000000
     0.400000       4.0000000
     0.400000       7.0000000
     0.400000       3.0000000
     0.400000       7.0000000
     0.400000       5.0000000
     0.400000       3.0000000
     0.400000       4.0000000
     0.400000       3.0000000
     0.400000       7.0000000
     0.400000       3.0000000
     0.400000       3.0000000
     0.400000       3.0000000
     0.400000       4.0000000
     0.400000       1.0000000
     0.400000       1.0000000
     0.400000       3.0000000
     0.400000       3.0000000
     0.400000       2.0000000
     0.400000       4.0000000
     0.400000       4.0000000
     0.400000       5.0000000
     0.400000       3.0000000
     0.400000       6.0000000
     0.400000       6.0000000
     0.400000       5.0000000
     0.400000       5.0000000
     0.400000       3.0000000
     0.400000       3.0000000
     0.400000       4.0000000
     0.400000       3.0000000
     0.400000       5.0000000
     0.400000       2.0000000
     0.400000       3.0000000
     0.400000       4.0000000
     0.400000       5.0000000
     0.400000       5.0000000
     0.400000       4.0000000
     0.400000       3.0000000
     0.400000       4.0000000
     0.450000       2.0000000
     0.450000       6.0000000
     0.450000       4.0000000
     0.450000       7.0000000
     0.450000       5.0000000
     0.450000       6.0000000
     0.450000       1.0000000
     0.450000       8.0000000
     0.450000       4.0000000
     0.450000       3.0000000
     0.450000       3.0000000
     0.450000       3.0000000
     0.450000       6.0000000
     0.450000       4.0000000
     0.450000       3.0000000
     0.450000       5.0000000
     0.450000       5.0000000
     0.450000       4.0000000
     0.450000       5.0000000
     0.450000       4.0000000
     0.450000       7.0000000
     0.450000       7.0000000
     0.450000       5.0000000
     0.450000       3.0000000
     0.450000       6.0000000
     0.450000       3.0000000
     0.450000       4.0000000
     0.450000       8.0000000
     0.450000       4.0000000
     0.450000       5.0000000
     0.450000       4.0000000
     0.450000       6.0000000
     0.450000       3.0000000
     0.450000       7.0000000
     0.450000       6.0000000
     0.450000       4.0000000
     0.450000       5.0000000
     0.450000       3.0000000
     0.450000       2.0000000
     0.450000       7.0000000
     0.450000       5.0000000
     0.450000       1.0000000
     0.450000       6.0000000
     0.450000       6.0000000
     0.450000       6.0000000
     0.450000       7.0000000
     0.450000       4.0000000
     0.450000       8.0000000
     0.450000       8.0000000
     0.450000       3.0000000
     0.450000       7.0000000
     0.450000       3.0000000
     0.450000       4.0000000
     0.450000       3.0000000
     0.450000       3.0000000
     0.450000       4.0000000
     0.450000       3.0000000
     0.450000       3.0000000
     0.450000       5.0000000
     0.450000       5.0000000
     0.450000       4.0000000
     0.450000       7.0000000
     0.450000       3.0000000
     0.450000       3.0000000
     0.450000       4.0000000
     0.450000       4.0000000
     0.450000       5.0000000
     0.450000       3.0000000
     0.450000       6.0000000
     0.450000       3.0000000
     0.450000       2.0000000
     0.450000       3.0000000
     0.450000       6.0000000
     0.450000       8.0000000
     0.450000       7.0000000
     0.450000       4.0000000
     0.450000       3.0000000
     0.450000       7.0000000
     0.450000       6.0000000
     0.450000       3.0000000
     0.450000       4.0000000
     0.450000       6.0000000
     0.450000       5.0000000
     0.450000       7.0000000
     0.450000       4.0000000
     0.450000       5.0000000
     0.450000       3.0000000
     0.450000       3.0000000
     0.450000       7.0000000
     0.450000       7.0000000
     0.450000       5.0000000
     0.450000       8.0000000
     0.450000       6.0000000
     0.450000       5.0000000
     0.450000       2.0000000
     0.450000       6.0000000
     0.450000       7.0000000
     0.450000       6.0000000
     0.450000       3.0000000
     0.450000       6.0000000
     0.500000       5.0000000
     0.500000       4.0000000
     0.500000       5.0000000
     0.500000       6.0000000
     0.500000       3.0000000
     0.500000       3.0000000
     0.500000       6.0000000
     0.500000       5.0000000
     0.500000       4.0000000
     0.500000       5.0000000
     0.500000       6.0000000
     0.500000       6.0000000
     0.500000       7.0000000
     0.500000       4.0000000
     0.500000       2.0000000
     0.500000       6.0000000
     0.500000       5.0000000
     0.500000       7.0000000
     0.500000       6.0000000
     0.500000       3.0000000
     0.500000       5.0000000
     0.500000       2.0000000
     0.500000       4.0000000
     0.500000       5.0000000
     0.500000       7.0000000
     0.500000       3.0000000
     0.500000       3.0000000
     0.500000       4.0000000
     0.500000       6.0000000
     0.500000       5.0000000
     0.500000       5.0000000
     0.500000       7.0000000
     0.500000       8.0000000
     0.500000       5.0000000
     0.500000       6.0000000
     0.500000       7.0000000
     0.500000       8.0000000
     0.500000       5.0000000
     0.500000       3.0000000
     0.500000       6.0000000
     0.500000       7.0000000
     0.500000       4.0000000
     0.500000       6.0000000
     0.500000       4.0000000
     0.500000       5.0000000
     0.500000       3.0000000
     0.500000       5.0000000
     0.500000       5.0000000
     0.500000       5.0000000
     0.500000       6.0000000
     0.500000       4.0000000
     0.500000       4.0000000
     0.500000       6.0000000
     0.500000       4.0000000
     0.500000       3.0000000
     0.500000       4.0000000
     0.500000       3.0000000
     0.500000       4.0000000
     0.500000       4.0000000
     0.500000       1.0000000
     0.500000       4.0000000
     0.500000       5.0000000
     0.500000       5.0000000
     0.500000       6.0000000
     0.500000       5.0000000
     0.500000       5.0000000
     0.500000       3.0000000
     0.500000       2.0000000
     0.500000       6.0000000
     0.500000       7.0000000
     0.500000       3.0000000
     0.500000       6.0000000
     0.500000       3.0000000
     0.500000       5.0000000
     0.500000       4.0000000
     0.500000       6.0000000
     0.500000       8.0000000
     0.500000       6.0000000
     0.500000       4.0000000
     0.500000       3.0000000
     0.500000       4.0000000
     0.500000       4.0000000
     0.500000       5.0000000
     0.500000       2.0000000
     0.500000       5.0000000
     0.500000       6.0000000
     0.500000       6.0000000
     0.500000       7.0000000
     0.500000       5.0000000
     0.500000       6.0000000
     0.500000       5.0000000
     0.500000       5.0000000
     0.500000       2.0000000
     0.500000       4.0000000
     0.500000       7.0000000
     0.500000       4.0000000
     0.500000       6.0000000
     0.500000       8.0000000
     0.500000       4.0000000
     0.500000       6.0000000
     0.550000       5.0000000
     0.550000       8.0000000
     0.550000       7.0000000
     0.550000       7.0000000
     0.550000       5.0000000
     0.550000       3.0000000
     0.550000       6.0000000
     0.550000       7.0000000
     0.550000       6.0000000
     0.550000       6.0000000
     0.550000       4.0000000
     0.550000       6.0000000
     0.550000       7.0000000
     0.550000       6.0000000
     0.550000       8.0000000
     0.550000       7.0000000
     0.550000       6.0000000
     0.550000       2.0000000
     0.550000       5.0000000
     0.550000       7.0000000
     0.550000       7.0000000
     0.550000       6.0000000
     0.550000       8.0000000
     0.550000       6.0000000
     0.550000       4.0000000
     0.550000       6.0000000
     0.550000       6.0000000
     0.550000       7.0000000
     0.550000       5.0000000
     0.550000       6.0000000
     0.550000       4.0000000
     0.550000       7.0000000
     0.550000       4.0000000
     0.550000       6.0000000
     0.550000       6.0000000
     0.550000       6.0000000
     0.550000       7.0000000
     0.550000       2.0000000
     0.550000       4.0000000
     0.550000       4.0000000
     0.550000       5.0000000
     0.550000       6.0000000
     0.550000       5.0000000
     0.550000       8.0000000
     0.550000       7.0000000
     0.550000       7.0000000
     0.550000       6.0000000
     0.550000       4.0000000
     0.550000       5.0000000
     0.550000       7.0000000
     0.550000       2.0000000
     0.550000       4.0000000
     0.550000       6.0000000
     0.550000       5.0000000
     0.550000       3.0000000
     0.550000       8.0000000
     0.550000       5.0000000
     0.550000       5.0000000
     0.550000       5.0000000
     0.550000       4.0000000
     0.550000       4.0000000
     0.550000       10.000000
     0.550000       6.0000000
     0.550000       7.0000000
     0.550000       5.0000000
     0.550000       5.0000000
     0.550000       6.0000000
     0.550000       5.0000000
     0.550000       6.0000000
     0.550000       5.0000000
     0.550000       6.0000000
     0.550000       5.0000000
     0.550000       5.0000000
     0.550000       6.0000000
     0.550000       7.0000000
     0.550000       5.0000000
     0.550000       5.0000000
     0.550000       5.0000000
     0.550000       6.0000000
     0.550000       3.0000000
     0.550000       5.0000000
     0.550000       7.0000000
     0.550000       3.0000000
     0.550000       4.0000000
     0.550000       5.0000000
     0.550000       7.0000000
     0.550000       6.0000000
     0.550000       7.0000000
     0.550000       6.0000000
     0.550000       5.0000000
     0.550000       4.0000000
     0.550000       5.0000000
     0.550000       5.0000000
     0.550000       9.0000000
     0.550000       7.0000000
     0.550000       7.0000000
     0.550000       7.0000000
     0.550000       7.0000000
     0.550000       5.0000000
     0.550000       6.0000000
     0.600000       5.0000000
     0.600000       9.0000000
     0.600000       6.0000000
     0.600000       4.0000000
     0.600000       3.0000000
     0.600000       5.0000000
     0.600000       7.0000000
     0.600000       7.0000000
     0.600000       6.0000000
     0.600000       5.0000000
     0.600000       6.0000000
     0.600000       5.0000000
     0.600000       8.0000000
     0.600000       8.0000000
     0.600000       5.0000000
     0.600000       6.0000000
     0.600000       8.0000000
     0.600000       7.0000000
     0.600000       4.0000000
     0.600000       7.0000000
     0.600000       3.0000000
     0.600000       6.0000000
     0.600000       7.0000000
     0.600000       6.0000000
     0.600000       7.0000000
     0.600000       1.0000000
     0.600000       4.0000000
     0.600000       6.0000000
     0.600000       8.0000000
     0.600000       6.0000000
     0.600000       5.0000000
     0.600000       8.0000000
     0.600000       5.0000000
     0.600000       6.0000000
     0.600000       4.0000000
     0.600000       2.0000000
     0.600000       9.0000000
     0.600000       8.0000000
     0.600000       6.0000000
     0.600000       7.0000000
     0.600000       7.0000000
     0.600000       6.0000000
     0.600000       4.0000000
     0.600000       6.0000000
     0.600000       7.0000000
     0.600000       4.0000000
     0.600000       7.0000000
     0.600000       7.0000000
     0.600000       6.0000000
     0.600000       7.0000000
     0.600000       6.0000000
     0.600000       4.0000000
     0.600000       5.0000000
     0.600000       5.0000000
     0.600000       6.0000000
     0.600000       5.0000000
     0.600000       6.0000000
     0.600000       7.0000000
     0.600000       5.0000000
     0.600000       8.0000000
     0.600000       6.0000000
     0.600000       5.0000000
     0.600000       7.0000000
     0.600000       7.0000000
     0.600000       8.0000000
     0.600000       4.0000000
     0.600000       4.0000000
     0.600000       6.0000000
     0.600000       6.0000000
     0.600000       4.0000000
     0.600000       7.0000000
     0.600000       5.0000000
     0.600000       3.0000000
     0.600000       7.0000000
     0.600000       3.0000000
     0.600000       3.0000000
     0.600000       6.0000000
     0.600000       4.0000000
     0.600000       7.0000000
     0.600000       6.0000000
     0.600000       7.0000000
     0.600000       5.0000000
     0.600000       3.0000000
     0.600000       5.0000000
     0.600000       4.0000000
     0.600000       6.0000000
     0.600000       5.0000000
     0.600000       8.0000000
     0.600000       4.0000000
     0.600000       8.0000000
     0.600000       4.0000000
     0.600000       5.0000000
     0.600000       6.0000000
     0.600000       4.0000000
     0.600000       4.0000000
     0.600000       3.0000000
     0.600000       5.0000000
     0.600000       8.0000000
     0.600000       4.0000000
     0.600000       8.0000000
     0.650000       8.0000000
     0.650000       9.0000000
     0.650000       5.0000000
     0.650000       4.0000000
     0.650000       8.0000000
     0.650000       8.0000000
     0.650000       5.0000000
     0.650000       7.0000000
     0.650000       9.0000000
     0.650000       6.0000000
     0.650000       7.0000000
     0.650000       4.0000000
     0.650000       5.0000000
     0.650000       7.0000000
     0.650000       5.0000000
     0.650000       8.0000000
     0.650000       6.0000000
     0.650000       7.0000000
     0.650000       8.0000000
     0.650000       8.0000000
     0.650000       7.0000000
     0.650000       3.0000000
     0.650000       5.0000000
     0.650000       6.0000000
     0.650000       5.0000000
     0.650000       9.0000000
     0.650000       5.0000000
     0.650000       7.0000000
     0.650000       5.0000000
     0.650000       6.0000000
     0.650000       9.0000000
     0.650000       7.0000000
     0.650000       7.0000000
     0.650000       5.0000000
     0.650000       6.0000000
     0.650000       9.0000000
     0.650000       7.0000000
     0.650000       7.0000000
     0.650000       7.0000000
     0.650000       4.0000000
     0.650000       6.0000000
     0.650000       7.0000000
     0.650000       9.0000000
     0.650000       6.0000000
     0.650000       7.0000000
     0.650000       6.0000000
     0.650000       7.0000000
     0.650000       4.0000000
     0.650000       7.0000000
     0.650000       6.0000000
     0.650000       10.000000
     0.650000       7.0000000
     0.650000       7.0000000
     0.650000       6.0000000
     0.650000       7.0000000
     0.650000       5.0000000
     0.650000       7.0000000
     0.650000       5.0000000
     0.650000       5.0000000
     0.650000       9.0000000
     0.650000       6.0000000
     0.650000       8.0000000
     0.650000       6.0000000
     0.650000       6.0000000
     0.650000       9.0000000
     0.650000       9.0000000
     0.650000       7.0000000
     0.650000       7.0000000
     0.650000       4.0000000
     0.650000       5.0000000
     0.650000       4.0000000
     0.650000       6.0000000
     0.650000       6.0000000
     0.650000       7.0000000
     0.650000       9.0000000
     0.650000       7.0000000
     0.650000       2.0000000
     0.650000       6.0000000
     0.650000       7.0000000
     0.650000       5.0000000
     0.650000       5.0000000
     0.650000       6.0000000
     0.650000       7.0000000
     0.650000       9.0000000
     0.650000       8.0000000
     0.650000       6.0000000
     0.650000       6.0000000
     0.650000       6.0000000
     0.650000       6.0000000
     0.650000       10.000000
     0.650000       6.0000000
     0.650000       4.0000000
     0.650000       7.0000000
     0.650000       6.0000000
     0.650000       7.0000000
     0.650000       5.0000000
     0.650000       6.0000000
     0.650000       9.0000000
     0.650000       6.0000000
     0.650000       7.0000000
     0.700000       8.0000000
     0.700000       9.0000000
     0.700000       6.0000000
     0.700000       7.0000000
     0.700000       6.0000000
     0.700000       9.0000000
     0.700000       8.0000000
     0.700000       7.0000000
     0.700000       7.0000000
     0.700000       8.0000000
     0.700000       7.0000000
     0.700000       7.0000000
     0.700000       10.000000
     0.700000       8.0000000
     0.700000       7.0000000
     0.700000       8.0000000
     0.700000       4.0000000
     0.700000       7.0000000
     0.700000       6.0000000
     0.700000       8.0000000
     0.700000       10.000000
     0.700000       6.0000000
     0.700000       9.0000000
     0.700000       7.0000000
     0.700000       9.0000000
     0.700000       9.0000000
     0.700000       7.0000000
     0.700000       8.0000000
     0.700000       6.0000000
     0.700000       8.0000000
     0.700000       9.0000000
     0.700000       7.0000000
     0.700000       6.0000000
     0.700000       5.0000000
     0.700000       7.0000000
     0.700000       5.0000000
     0.700000       6.0000000
     0.700000       7.0000000
     0.700000       7.0000000
     0.700000       7.0000000
     0.700000       6.0000000
     0.700000       6.0000000
     0.700000       6.0000000
     0.700000       6.0000000
     0.700000       8.0000000
     0.700000       4.0000000
     0.700000       5.0000000
     0.700000       6.0000000
     0.700000       7.0000000
     0.700000       7.0000000
     0.700000       9.0000000
     0.700000       7.0000000
     0.700000       10.000000
     0.700000       9.0000000
     0.700000       7.0000000
     0.700000       6.0000000
     0.700000       8.0000000
     0.700000       7.0000000
     0.700000       5.0000000
     0.700000       7.0000000
     0.700000       7.0000000
     0.700000       7.0000000
     0.700000       7.0000000
     0.700000       6.0000000
     0.700000       8.0000000
     0.700000       6.0000000
     0.700000       6.0000000
     0.700000       5.0000000
     0.700000       8.0000000
     0.700000       6.0000000
     0.700000       6.0000000
     0.700000       7.0000000
     0.700000       4.0000000
     0.700000       5.0000000
     0.700000       6.0000000
     0.700000       8.0000000
     0.700000       8.0000000
     0.700000       7.0000000
     0.700000       7.0000000
     0.700000       9.0000000
     0.700000       5.0000000
     0.700000       4.0000000
     0.700000       8.0000000
     0.700000       7.0000000
     0.700000       7.0000000
     0.700000       5.0000000
     0.700000       5.0000000
     0.700000       4.0000000
     0.700000       8.0000000
     0.700000       7.0000000
     0.700000       7.0000000
     0.700000       8.0000000
     0.700000       6.0000000
     0.700000       8.0000000
     0.700000       10.000000
     0.700000       7.0000000
     0.700000       7.0000000
     0.700000       9.0000000
     0.700000       6.0000000
     0.700000       7.0000000
     0.750000       9.0000000
     0.750000       7.0000000
     0.750000       9.0000000
     0.750000       7.0000000
     0.750000       7.0000000
     0.750000       6.0000000
     0.750000       7.0000000
     0.750000       8.0000000
     0.750000       7.0000000
     0.750000       7.0000000
     0.750000       7.0000000
     0.750000       9.0000000
     0.750000       10.000000
     0.750000       9.0000000
     0.750000       8.0000000
     0.750000       8.0000000
     0.750000       7.0000000
     0.750000       7.0000000
     0.750000       8.0000000
     0.750000       7.0000000
     0.750000       9.0000000
     0.750000       9.0000000
     0.750000       8.0000000
     0.750000       8.0000000
     0.750000       7.0000000
     0.750000       6.0000000
     0.750000       9.0000000
     0.750000       9.0000000
     0.750000       9.0000000
     0.750000       7.0000000
     0.750000       6.0000000
     0.750000       8.0000000
     0.750000       6.0000000
     0.750000       9.0000000
     0.750000       9.0000000
     0.750000       3.0000000
     0.750000       9.0000000
     0.750000       7.0000000
     0.750000       8.0000000
     0.750000       8.0000000
     0.750000       8.0000000
     0.750000       9.0000000
     0.750000       5.0000000
     0.750000       6.0000000
     0.750000       8.0000000
     0.750000       8.0000000
     0.750000       7.0000000
     0.750000       7.0000000
     0.750000       7.0000000
     0.750000       6.0000000
     0.750000       8.0000000
     0.750000       6.0000000
     0.750000       7.0000000
     0.750000       9.0000000
     0.750000       7.0000000
     0.750000       5.0000000
     0.750000       8.0000000
     0.750000       8.0000000
     0.750000       7.0000000
     0.750000       7.0000000
     0.750000       7.0000000
     0.750000       8.0000000
     0.750000       6.0000000
     0.750000       6.0000000
     0.750000       7.0000000
     0.750000       9.0000000
     0.750000       9.0000000
     0.750000       8.0000000
     0.750000       9.0000000
     0.750000       7.0000000
     0.750000       8.0000000
     0.750000       5.0000000
     0.750000       8.0000000
     0.750000       8.0000000
     0.750000       7.0000000
     0.750000       6.0000000
     0.750000       5.0000000
     0.750000       10.000000
     0.750000       8.0000000
     0.750000       9.0000000
     0.750000       8.0000000
     0.750000       10.000000
     0.750000       8.0000000
     0.750000       9.0000000
     0.750000       8.0000000
     0.750000       9.0000000
     0.750000       8.0000000
     0.750000       8.0000000
     0.750000       9.0000000
     0.750000       6.0000000
     0.750000       9.0000000
     0.750000       7.0000000
     0.750000       8.0000000
     0.750000       7.0000000
     0.750000       7.0000000
     0.750000       8.0000000
     0.750000       8.0000000
     0.750000       8.0000000
     0.750000       6.0000000
     0.750000       6.0000000
     0.800000       7.0000000
     0.800000       9.0000000
     0.800000       9.0000000
     0.800000       9.0000000
     0.800000       6.0000000
     0.800000       7.0000000
     0.800000       9.0000000
     0.800000       7.0000000
     0.800000       9.0000000
     0.800000       8.0000000
     0.800000       8.0000000
     0.800000       8.0000000
     0.800000       7.0000000
     0.800000       8.0000000
     0.800000       7.0000000
     0.800000       6.0000000
     0.800000       8.0000000
     0.800000       8.0000000
     0.800000       7.0000000
     0.800000       9.0000000
     0.800000       6.0000000
     0.800000       9.0000000
     0.800000       8.0000000
     0.800000       9.0000000
     0.800000       9.0000000
     0.800000       9.0000000
     0.800000       7.0000000
     0.800000       6.0000000
     0.800000       8.0000000
     0.800000       9.0000000
     0.800000       7.0000000
     0.800000       7.0000000
     0.800000       9.0000000
     0.800000       5.0000000
     0.800000       8.0000000
     0.800000       7.0000000
     0.800000       10.000000
     0.800000       6.0000000
     0.800000       9.0000000
     0.800000       5.0000000
     0.800000       6.0000000
     0.800000       9.0000000
     0.800000       9.0000000
     0.800000       6.0000000
     0.800000       7.0000000
     0.800000       5.0000000
     0.800000       6.0000000
     0.800000       10.000000
     0.800000       8.0000000
     0.800000       8.0000000
     0.800000       7.0000000
     0.800000       7.0000000
     0.800000       9.0000000
     0.800000       8.0000000
     0.800000       9.0000000
     0.800000       8.0000000
     0.800000       7.0000000
     0.800000       9.0000000
     0.800000       6.0000000
     0.800000       9.0000000
     0.800000       6.0000000
     0.800000       7.0000000
     0.800000       6.0000000
     0.800000       6.0000000
     0.800000       6.0000000
     0.800000       9.0000000
     0.800000       9.0000000
     0.800000       9.0000000
     0.800000       8.0000000
     0.800000       10.000000
     0.800000       8.0000000
     0.800000       10.000000
     0.800000       7.0000000
     0.800000       7.0000000
     0.800000       9.0000000
     0.800000       7.0000000
     0.800000       6.0000000
     0.800000       8.0000000
     0.800000       8.0000000
     0.800000       8.0000000
     0.800000       9.0000000
     0.800000       6.0000000
     0.800000       6.0000000
     0.800000       7.0000000
     0.800000       7.0000000
     0.800000       8.0000000
     0.800000       8.0000000
     0.800000       8.0000000
     0.800000       8.0000000
     0.800000       8.0000000
     0.800000       8.0000000
     0.800000       9.0000000
     0.800000       5.0000000
     0.800000       8.0000000
     0.800000       8.0000000
     0.800000       8.0000000
     0.800000       8.0000000
     0.800000       7.0000000
     0.800000       10.000000
     0.800000       8.0000000
     0.850000       8.0000000
     0.850000       8.0000000
     0.850000       10.000000
     0.850000       6.0000000
     0.850000       10.000000
     0.850000       10.000000
     0.850000       9.0000000
     0.850000       9.0000000
     0.850000       10.000000
     0.850000       8.0000000
     0.850000       8.0000000
     0.850000       10.000000
     0.850000       10.000000
     0.850000       9.0000000
     0.850000       8.0000000
     0.850000       8.0000000
     0.850000       7.0000000
     0.850000       9.0000000
     0.850000       8.0000000
     0.850000       10.000000
     0.850000       9.0000000
     0.850000       10.000000
     0.850000       7.0000000
     0.850000       9.0000000
     0.850000       9.0000000
     0.850000       7.0000000
     0.850000       7.0000000
     0.850000       9.0000000
     0.850000       9.0000000
     0.850000       8.0000000
     0.850000       8.0000000
     0.850000       9.0000000
     0.850000       8.0000000
     0.850000       10.000000
     0.850000       10.000000
     0.850000       8.0000000
     0.850000       9.0000000
     0.850000       8.0000000
     0.850000       7.0000000
     0.850000       7.0000000
     0.850000       9.0000000
     0.850000       7.0000000
     0.850000       8.0000000
     0.850000       8.0000000
     0.850000       7.0000000
     0.850000       7.0000000
     0.850000       7.0000000
     0.850000       7.0000000
     0.850000       8.0000000
     0.850000       9.0000000
     0.850000       10.000000
     0.850000       10.000000
     0.850000       7.0000000
     0.850000       9.0000000
     0.850000       9.0000000
     0.850000       8.0000000
     0.850000       8.0000000
     0.850000       8.0000000
     0.850000       7.0000000
     0.850000       7.0000000
     0.850000       10.000000
     0.850000       9.0000000
     0.850000       8.0000000
     0.850000       7.0000000
     0.850000       9.0000000
     0.850000       9.0000000
     0.850000       9.0000000
     0.850000       10.000000
     0.850000       7.0000000
     0.850000       9.0000000
     0.850000       9.0000000
     0.850000       10.000000
     0.850000       8.0000000
     0.850000       7.0000000
     0.850000       8.0000000
     0.850000       9.0000000
     0.850000       8.0000000
     0.850000       4.0000000
     0.850000       8.0000000
     0.850000       9.0000000
     0.850000       9.0000000
     0.850000       8.0000000
     0.850000       8.0000000
     0.850000       8.0000000
     0.850000       7.0000000
     0.850000       9.0000000
     0.850000       7.0000000
     0.850000       7.0000000
     0.850000       9.0000000
     0.850000       9.0000000
     0.850000       8.0000000
     0.850000       9.0000000
     0.850000       8.0000000
     0.850000       8.0000000
     0.850000       9.0000000
     0.850000       10.000000
     0.850000       10.000000
     0.850000       9.0000000
     0.850000       10.000000
     0.850000       7.0000000
     0.900000       9.0000000
     0.900000       10.000000
     0.900000       10.000000
     0.900000       8.0000000
     0.900000       9.0000000
     0.900000       9.0000000
     0.900000       9.0000000
     0.900000       9.0000000
     0.900000       10.000000
     0.900000       8.0000000
     0.900000       9.0000000
     0.900000       10.000000
     0.900000       9.0000000
     0.900000       10.000000
     0.900000       9.0000000
     0.900000       10.000000
     0.900000       9.0000000
     0.900000       10.000000
     0.900000       10.000000
     0.900000       8.0000000
     0.900000       9.0000000
     0.900000       7.0000000
     0.900000       9.0000000
     0.900000       10.000000
     0.900000       8.0000000
     0.900000       9.0000000
     0.900000       10.000000
     0.900000       9.0000000
     0.900000       10.000000
     0.900000       10.000000
     0.900000       8.0000000
     0.900000       8.0000000
     0.900000       9.0000000
     0.900000       10.000000
     0.900000       9.0000000
     0.900000       8.0000000
     0.900000       9.0000000
     0.900000       10.000000
     0.900000       8.0000000
     0.900000       10.000000
     0.900000       9.0000000
     0.900000       10.000000
     0.900000       8.0000000
     0.900000       10.000000
     0.900000       8.0000000
     0.900000       10.000000
     0.900000       9.0000000
     0.900000       9.0000000
     0.900000       7.0000000
     0.900000       9.0000000
     0.900000       10.000000
     0.900000       10.000000
     0.900000       9.0000000
     0.900000       9.0000000
     0.900000       10.000000
     0.900000       10.000000
     0.900000       8.0000000
     0.900000       9.0000000
     0.900000       10.000000
     0.900000       8.0000000
     0.900000       9.0000000
     0.900000       8.0000000
     0.900000       9.0000000
     0.900000       10.000000
     0.900000       9.0000000
     0.900000       8.0000000
     0.900000       8.0000000
     0.900000       9.0000000
     0.900000       10.000000
     0.900000       10.000000
     0.900000       10.000000
     0.900000       8.0000000
     0.900000       10.000000
     0.900000       8.0000000
     0.900000       8.0000000
     0.900000       8.0000000
     0.900000       9.0000000
     0.900000       9.0000000
     0.900000       10.000000
     0.900000       8.0000000
     0.900000       9.0000000
     0.900000       9.0000000
     0.900000       9.0000000
     0.900000       10.000000
     0.900000       10.000000
     0.900000       9.0000000
     0.900000       7.0000000
     0.900000       10.000000
     0.900000       10.000000
     0.900000       10.000000
     0.900000       8.0000000
     0.900000       10.000000
     0.900000       9.0000000
     0.900000       8.0000000
     0.900000       9.0000000
     0.900000       10.000000
     0.900000       9.0000000
     0.900000       9.0000000
     0.900000       10.000000
     0.900000       10.000000
     0.950000       9.0000000
     0.950000       9.0000000
     0.950000       10.000000
     0.950000       10.000000
     0.950000       10.000000
     0.950000       10.000000
     0.950000       10.000000
     0.950000       10.000000
     0.950000       8.0000000
     0.950000       10.000000
     0.950000       9.0000000
     0.950000       9.0000000
     0.950000       10.000000
     0.950000       10.000000
     0.950000       9.0000000
     0.950000       10.000000
     0.950000       10.000000
     0.950000       10.000000
     0.950000       9.0000000
     0.950000       9.0000000
     0.950000       9.0000000
     0.950000       9.0000000
     0.950000       10.000000
     0.950000       9.0000000
     0.950000       10.000000
     0.950000       9.0000000
     0.950000       8.0000000
     0.950000       9.0000000
     0.950000       8.0000000
     0.950000       8.0000000
     0.950000       10.000000
     0.950000       10.000000
     0.950000       9.0000000
     0.950000       10.000000
     0.950000       10.000000
     0.950000       10.000000
     0.950000       10.000000
     0.950000       8.0000000
     0.950000       10.000000
     0.950000       9.0000000
     0.950000       10.000000
     0.950000       9.0000000
     0.950000       10.000000
     0.950000       9.0000000
     0.950000       10.000000
     0.950000       9.0000000
     0.950000       10.000000
     0.950000       9.0000000
     0.950000       10.000000
     0.950000       8.0000000
     0.950000       8.0000000
     0.950000       10.000000
     0.950000       10.000000
     0.950000       10.000000
     0.950000       7.0000000
     0.950000       9.0000000
     0.950000       10.000000
     0.950000       10.000000
     0.950000       9.0000000
     0.950000       10.000000
     0.950000       7.0000000
     0.950000       9.0000000
     0.950000       10.000000
     0.950000       9.0000000
     0.950000       9.0000000
     0.950000       10.000000
     0.950000       10.000000
     0.950000       9.0000000
     0.950000       9.0000000
     0.950000       8.0000000
     0.950000       10.000000
     0.950000       10.000000
     0.950000       10.000000
     0.950000       10.000000
     0.950000       9.0000000
     0.950000       10.000000
     0.950000       8.0000000
     0.950000       10.000000
     0.950000       10.000000
     0.950000       9.0000000
     0.950000       10.000000
     0.950000       9.0000000
     0.950000       7.0000000
     0.950000       10.000000
     0.950000       9.0000000
     0.950000       10.000000
     0.950000       10.000000
     0.950000       10.000000
     0.950000       10.000000
     0.950000       10.000000
     0.950000       9.0000000
     0.950000       10.000000
     0.950000       9.0000000
     0.950000       9.0000000
     0.950000       10.000000
     0.950000       8.0000000
     0.950000       9.0000000
     0.950000       10.000000
     0.950000       10.000000
     0.950000       10.000000
      1.00000      10
      1.00000      10
      1.00000      10
      1.00000      10
      1.00000      10
      1.00000      10
      1.00000      10
      1.00000      10
      1.00000      10
      1.00000      10
      1.00000      10
      1.00000      10
      1.00000      10
      1.00000      10
      1.00000      10
      1.00000      10
      1.00000      10
      1.00000      10
      1.00000      10
      1.00000      10
      1.00000      10
      1.00000      10
      1.00000      10
      1.00000      10
      1.00000      10
      1.00000      10
      1.00000      10
      1.00000      10
      1.00000      10
      1.00000      10
      1.00000      10
      1.00000      10
      1.00000      10
      1.00000      10
      1.00000      10
      1.00000      10
      1.00000      10
      1.00000      10
      1.00000      10
      1.00000      10
      1.00000      10
      1.00000      10
      1.00000      10
      1.00000      10
      1.00000      10
      1.00000      10
      1.00000      10
      1.00000      10
      1.00000      10
      1.00000      10
      1.00000      10
      1.00000      10
      1.00000      10
      1.00000      10
      1.00000      10
      1.00000      10
      1.00000      10
      1.00000      10
      1.00000      10
      1.00000      10
      1.00000      10
      1.00000      10
      1.00000      10
      1.00000      10
      1.00000      10
      1.00000      10
      1.00000      10
      1.00000      10
      1.00000      10
      1.00000      10
      1.00000      10
      1.00000      10
      1.00000      10
      1.00000      10
      1.00000      10
      1.00000      10
      1.00000      10
      1.00000      10
      1.00000      10
      1.00000      10
      1.00000      10
      1.00000      10
      1.00000      10
      1.00000      10
      1.00000      10
      1.00000      10
      1.00000      10
      1.00000      10
      1.00000      10
      1.00000      10
      1.00000      10
      1.00000      10
      1.00000      10
      1.00000      10
      1.00000      10
      1.00000      10
      1.00000      10
      1.00000      10
      1.00000      10
      1.00000      10
